32
0 1 5 1 -1 -1
5 1 6 2 8 0
1 2 6 3 1 -1
6 2 7 4 10 2
2 3 7 5 3 -1
7 3 8 6 12 4
3 4 8 7 5 -1
8 4 9 -1 14 6
5 6 10 9 -1 1
10 6 11 10 16 8
6 7 11 11 9 3
11 7 12 12 18 10
7 8 12 13 11 5
12 8 13 14 20 12
8 9 13 15 13 7
13 9 14 -1 22 14
10 11 15 17 -1 9
15 11 16 18 24 16
11 12 16 19 17 11
16 12 17 20 26 18
12 13 17 21 19 13
17 13 18 22 28 20
13 14 18 23 21 15
18 14 19 -1 30 22
15 16 20 25 -1 17
20 16 21 26 -1 24
16 17 21 27 25 19
21 17 22 28 -1 26
17 18 22 29 27 21
22 18 23 30 -1 28
18 19 23 31 29 23
23 19 24 -1 -1 30
