25
(0.000000, 0.000000, 11.778329) (0.000000, 0.000000, 1.000000) (0.000000, 0.000000) 
(10.000000, 0.000000, 8.860419) (0.000000, 0.000000, 1.000000) (0.200000, 0.000000) 
(20.000000, 0.000000, 11.654183) (0.000000, 0.000000, 1.000000) (0.400000, 0.000000) 
(30.000000, 0.000000, 11.977653) (0.000000, 0.000000, 1.000000) (0.600000, 0.000000) 
(40.000000, 0.000000, 12.839001) (0.000000, 0.000000, 1.000000) (0.800000, 0.000000) 
(0.000000, 10.000000, 8.703510) (0.000000, 0.000000, 1.000000) (0.000000, 0.200000) 
(10.000000, 10.000000, 10.223720) (-15.202093, -13.633003, 100.000000) (0.200000, 0.200000) 
(20.000000, 10.000000, 11.615422) (-13.917027, 0.387611, 100.000000) (0.400000, 0.200000) 
(30.000000, 10.000000, 10.233445) (13.819771, 17.442074, 100.000000) (0.600000, 0.200000) 
(40.000000, 10.000000, 14.806607) (-45.731621, -19.676065, 100.000000) (0.800000, 0.200000) 
(0.000000, 20.000000, 8.812440) (0.000000, 0.000000, 1.000000) (0.000000, 0.400000) 
(10.000000, 20.000000, 8.638278) (1.741619, 15.854416, 100.000000) (0.200000, 0.400000) 
(20.000000, 20.000000, 6.183590) (24.546881, 54.318321, 100.000000) (0.400000, 0.400000) 
(30.000000, 20.000000, 10.595441) (-44.118507, -3.619957, 100.000000) (0.600000, 0.400000) 
(40.000000, 20.000000, 15.314331) (-47.188904, -5.077238, 100.000000) (0.800000, 0.400000) 
(0.000000, 30.000000, 5.799174) (0.000000, 0.000000, 1.000000) (0.000000, 0.600000) 
(10.000000, 30.000000, 2.671033) (31.281406, 59.672451, 100.000000) (0.200000, 0.600000) 
(20.000000, 30.000000, 4.635330) (-19.642965, 15.482602, 100.000000) (0.400000, 0.600000) 
(30.000000, 30.000000, 11.644636) (-70.093063, -10.491953, 100.000000) (0.600000, 0.600000) 
(40.000000, 30.000000, 15.101491) (-34.568550, 2.128401, 100.000000) (0.800000, 0.600000) 
(0.000000, 40.000000, 0.000000) (0.000000, 0.000000, 1.000000) (0.000000, 0.800000) 
(10.000000, 40.000000, 0.000000) (0.000000, 26.710331, 100.000000) (0.200000, 0.800000) 
(20.000000, 40.000000, 6.105179) (-61.051792, -14.698496, 100.000000) (0.400000, 0.800000) 
(30.000000, 40.000000, 13.057122) (-69.519432, -14.124861, 100.000000) (0.600000, 0.800000) 
(40.000000, 40.000000, 14.480742) (-14.236193, 6.207495, 100.000000) (0.800000, 0.800000) 
